1	0			100
2	""	 none 0 0 0 0 0 0 0 0 0 0 		
3	""	 none 0 0 0 0 0 0 0 0 0 0 		
4	5			100
5	""	 none 0 0 0 0 0 0 0 0 0 0 		
6	""	 none 0 0 0 0 0 0 0 0 0 0 		
7	10			99.99845161
8	"" 	none 0 0 0 0 0 0 0 0 0 0 		
9	""	 none 0 0 0 0 0 0 0 0 0 0 		
10	15			100
11	""	 none 0 0 0 0 0 0 0 0 0 0 		
12	""	 none 0 0 0 0 0 0 0 0 0 0 		
13	20			100
14	""	 none 0 0 0 0 0 0 0 0 0 0 		
15	""	 none 0 0 0 0 0 0 0 0 0 0 		
16	25			100
17	""	 none 0 0 0 0 0 0 0 0 0 0 		
18	""	 none 0 0 0 0 0 0 0 0 0 0 
19	30			100
20	""	 none 0 0 0 0 0 0 0 0 0 0 		
21	""	 none 0 0 0 0 0 0 0 0 0 0 		
22	35			100
23	""	 none 0 0 0 0 0 0 0 0 0 0 		
24	""	 none 0 0 0 0 0 0 0 0 0 0 		
25	40			99.93513195
26	"" 	none 0 0 0 0 0 0 0 0 0 0 		
27	"" 	none 0 0 0 0 0 0 0 0 0 0 		
28	45			99.99845047
29	""	 none 0 0 0 0 0 0 0 0 0 0 		
30	""	 none 0 0 0 0 0 0 0 0 0 0 		
31	50			99.9976791
32	""	 none 0 0 0 0 0 0 0 0 0 0 		
33	""	 none 0 0 0 0 0 0 0 0 0 0 		
34	55			99.94373619
35	""	 none 0 0 0 0 0 0 0 0 0 0 		
36	""	 none 0 0 0 0 0 0 0 0 0 0 		
37	60			100
38	""	 none 0 0 0 0 0 0 0 0 0 0 		
39	""	 none 0 0 0 0 0 0 0 0 0 0 		
40	65			99.88605881
41	"" 	none 0 0 0 0 0 0 0 0 0 0 		
42	"" 	none 0 0 0 0 0 0 0 0 0 0 		
43	70			99.73181153
44	""	 none 0 0 0 0 0 0 0 0 0 0 		
45	""	 none 0 0 0 0 0 0 0 0 0 0 		
46	75			98.70251702
47	""	 none 0 0 0 0 0 0 0 0 0 0 		
48	""	 none 0 0 0 0 0 0 0 0 0 0 		
49	80			97.23727901
50	""	 none 0 0 0 0 0 0 0 0 0 0 		
51	""	 none 0 0 0 0 0 0 0 0 0 0 		
52	85			92.59408242
53	""	 none 0 0 0 0 0 0 0 0 0 0 		
54	""	 none 0 0 0 0 0 0 0 0 0 0 		
55	90			72.25100161
56	""	 none 0 0 0 0 0 0 0 0 0 0 		
57	""	 none 0 0 0 0 0 0 0 0 0 0 		
58	95			26.84939993
59	"" 	none 0 0 0 0 0 0 0 0 0 0 		
60	"" 	none 0 0 0 0 0 0 0 0 0 0 		
61	100			15.28013968
1	"" 			99.99709657
2	"" 	 none 0 0 0 0 0 0 0 0 0 0 		
3	""	 none 0 0 0 0 0 0 0 0 0 0 		
4	"" 			100
5	"" 	 none 0 0 0 0 0 0 0 0 0 0 		
6	""	 none 0 0 0 0 0 0 0 0 0 0 		
7	"" 			100
8	"" 	none 0 0 0 0 0 0 0 0 0 0 		
9	""	 none 0 0 0 0 0 0 0 0 0 0 		
10	"" 			99.99785001
11	"" 	 none 0 0 0 0 0 0 0 0 0 0 		
12	""	 none 0 0 0 0 0 0 0 0 0 0 		
13	"" 			100
14	"" 	 none 0 0 0 0 0 0 0 0 0 0 		
15	""	 none 0 0 0 0 0 0 0 0 0 0 		
16	"" 			100
17	"" 	 none 0 0 0 0 0 0 0 0 0 0 		
18	"" 	 none 0 0 0 0 0 0 0 0 0 0 		
19	"" 			99.99826038
20	""	 none 0 0 0 0 0 0 0 0 0 0 		
21	"" 	 none 0 0 0 0 0 0 0 0 0 0 		
22	"" 			99.99961305
23	""	 none 0 0 0 0 0 0 0 0 0 0 		
24	""	 none 0 0 0 0 0 0 0 0 0 0 		
25	"" 			99.99825712
26	"" 	none 0 0 0 0 0 0 0 0 0 0 		
27	""	none 0 0 0 0 0 0 0 0 0 0 		
28	"" 			99.97901216
29	"" 	 none 0 0 0 0 0 0 0 0 0 0 		
30	""	 none 0 0 0 0 0 0 0 0 0 0 		
31	"" 			99.92133323
32	"" 	 none 0 0 0 0 0 0 0 0 0 0 		
33	""	 none 0 0 0 0 0 0 0 0 0 0 		
34	"" 			99.85543678
35	"" 	 none 0 0 0 0 0 0 0 0 0 0 		
36	""	 none 0 0 0 0 0 0 0 0 0 0 		
37	"" 			99.60077978
38	"" 	 none 0 0 0 0 0 0 0 0 0 0 		
39	""	 none 0 0 0 0 0 0 0 0 0 0 		
40	"" 			98.82082764
41	"" 	none 0 0 0 0 0 0 0 0 0 0 		
42	"" 	none 0 0 0 0 0 0 0 0 0 0 		
43	"" 			98.07544205
44	""	 none 0 0 0 0 0 0 0 0 0 0 		
45	"" 	 none 0 0 0 0 0 0 0 0 0 0 		
46	"" 			96.81300274
47	""	 none 0 0 0 0 0 0 0 0 0 0 		
48	""	 none 0 0 0 0 0 0 0 0 0 0 		
49	"" 			94.94271395
50	"" 	 none 0 0 0 0 0 0 0 0 0 0 		
51	""	 none 0 0 0 0 0 0 0 0 0 0 		
52	"" 			90.25440887
53	"" 	 none 0 0 0 0 0 0 0 0 0 0 		
54	""	 none 0 0 0 0 0 0 0 0 0 0 		
55	"" 			66.71711987
56	"" 	 none 0 0 0 0 0 0 0 0 0 0 		
57	""	 none 0 0 0 0 0 0 0 0 0 0 		
58	"" 			22.61965409
59	"" 	none 0 0 0 0 0 0 0 0 0 0 		
60	""	none 0 0 0 0 0 0 0 0 0 0 		
61	"" 			9.739404836
1	"" 			99.99806098
2	"" 	 none 0 0 0 0 0 0 0 0 0 0 		
3	""	 none 0 0 0 0 0 0 0 0 0 0 		
4	"" 			100
5	"" 	 none 0 0 0 0 0 0 0 0 0 0 		
6	""	 none 0 0 0 0 0 0 0 0 0 0 		
7	"" 			99.99411259
8	"" 	none 0 0 0 0 0 0 0 0 0 0 		
9	""	 none 0 0 0 0 0 0 0 0 0 0 		
10	"" 			100
11	"" 	 none 0 0 0 0 0 0 0 0 0 0 		
12	""	 none 0 0 0 0 0 0 0 0 0 0 		
13	"" 			100
14	"" 	 none 0 0 0 0 0 0 0 0 0 0 		
15	""	 none 0 0 0 0 0 0 0 0 0 0 		
16	"" 			99.99779085
17	"" 	 none 0 0 0 0 0 0 0 0 0 0 		
18	"" 	 none 0 0 0 0 0 0 0 0 0 0 		
19	"" 			99.99940515
20	""	 none 0 0 0 0 0 0 0 0 0 0 		
21	"" 	 none 0 0 0 0 0 0 0 0 0 0 		
22	"" 			99.98491417
23	""	 none 0 0 0 0 0 0 0 0 0 0 		
24	""	 none 0 0 0 0 0 0 0 0 0 0 		
25	"" 			99.81581297
26	"" 	none 0 0 0 0 0 0 0 0 0 0 		
27	""	none 0 0 0 0 0 0 0 0 0 0 		
28	"" 			99.33566705
29	"" 	 none 0 0 0 0 0 0 0 0 0 0 		
30	""	 none 0 0 0 0 0 0 0 0 0 0 		
31	"" 			98.17032658
32	"" 	 none 0 0 0 0 0 0 0 0 0 0 		
33	""	 none 0 0 0 0 0 0 0 0 0 0 		
34	"" 			97.09364293
35	"" 	 none 0 0 0 0 0 0 0 0 0 0 		
36	""	 none 0 0 0 0 0 0 0 0 0 0 		
37	"" 			79.54154085
38	"" 	 none 0 0 0 0 0 0 0 0 0 0 		
39	""	 none 0 0 0 0 0 0 0 0 0 0 		
40	"" 			84.63505381
41	"" 	none 0 0 0 0 0 0 0 0 0 0 		
42	"" 	none 0 0 0 0 0 0 0 0 0 0 		
43	"" 			62.24777069
44	""	 none 0 0 0 0 0 0 0 0 0 0 		
45	"" 	 none 0 0 0 0 0 0 0 0 0 0 		
46	"" 			53.44306985
47	""	 none 0 0 0 0 0 0 0 0 0 0 		
48	""	 none 0 0 0 0 0 0 0 0 0 0 		
49	"" 			46.2109094
50	"" 	 none 0 0 0 0 0 0 0 0 0 0 		
51	""	 none 0 0 0 0 0 0 0 0 0 0 		
52	"" 			37.4724822
53	"" 	 none 0 0 0 0 0 0 0 0 0 0 		
54	""	 none 0 0 0 0 0 0 0 0 0 0 		
55	"" 			30.54626465
56	"" 	 none 0 0 0 0 0 0 0 0 0 0 		
57	""	 none 0 0 0 0 0 0 0 0 0 0 		
58	"" 			20.99809832
59	"" 	none 0 0 0 0 0 0 0 0 0 0 		
60	""	none 0 0 0 0 0 0 0 0 0 0 		
61	"" 			15.97972138